Number of Processor = 4 
Number of Bus = 2 
Number of Graph = 1 

Graph 6b
Period = 63
Number of Nodes = 32 
Adjacent List:
1 : [17, 18]
2 : [19, 20]
3 : [21, 22]
4 : [23]
5 : [25, 26]
6 : [28]
7 : [29]
10 : [34]
11 : [35]
12 : [36, 37]
13 : [38]
14 : [39]
15 : [40]
16 : []
17 : [2]
18 : [3]
19 : [4]
20 : [5]
21 : [5]
22 : [6]
23 : [7]
25 : [11]
26 : [13]
28 : [10]
29 : [11]
34 : [13]
35 : [14]
36 : [14]
37 : [15]
38 : [15]
39 : [16]
40 : [16]
Execution Time:
1 : [6, 7, 14, 13]
2 : [13, 11, 6, 6]
3 : [6, 8, 13, 15]
4 : [9, 5, 8, 8]
5 : [5, 9, 9, 8]
6 : [11, 10, 5, 5]
7 : [15, 10, 14, 12]
10 : [12, 8, 11, 12]
11 : [11, 5, 11, 5]
12 : [6, 11, 9, 12]
13 : [9, 14, 5, 13]
14 : [7, 10, 14, 6]
15 : [9, 5, 7, 8]
16 : [11, 11, 9, 11]
17 : [4, 5]
18 : [6, 6]
19 : [6, 3]
20 : [3, 6]
21 : [3, 4]
22 : [7, 5]
23 : [6, 4]
25 : [5, 7]
26 : [3, 4]
28 : [5, 3]
29 : [2, 6]
34 : [4, 2]
35 : [5, 7]
36 : [3, 4]
37 : [5, 7]
38 : [4, 3]
39 : [6, 6]
40 : [6, 2]
Task Nodes: [1, 2, 3, 4, 5, 6, 7, 10, 11, 12, 13, 14, 15, 16]
Message Nodes: [17, 18, 19, 20, 21, 22, 23, 25, 26, 28, 29, 34, 35, 36, 37, 38, 39, 40]
