Number of Processor = 4 
Number of Bus = 2 
Number of Graph = 1 

Graph 5 
Period = 80 
Number of Nodes = 33
Adjacent List:
1 : [15, 16, 17, 18]
2 : [19]
3 : [20]
4 : [21]
5 : [22]
6 : [23, 24, 25]
7 : [26]
8 : [27]
9 : [28]
10 : [29, 30]
11 : [31]
12 : [32]
13 : [33]
14 : []
15 : [2]
16 : [3]
17 : [4]
18 : [5]
19 : [6]
20 : [7]
21 : [8]
22 : [9]
23 : [7]
24 : [8]
25 : [9]
26 : [10]
27 : [11]
28 : [12]
29 : [11]
30 : [12]
31 : [13]
32 : [14]
33 : [14]
Execution Time:
1 : [8, 8, 11, 8]
2 : [12, 9, 13, 11]
3 : [12, 12, 13, 12]
4 : [7, 11, 9, 11]
5 : [11, 8, 15, 11]
6 : [12, 11, 10, 12]
7 : [14, 6, 12, 11]
8 : [6, 15, 8, 13]
9 : [13, 15, 9, 7]
10 : [12, 12, 12, 15]
11 : [10, 13, 12, 6]
12 : [6, 7, 10, 9]
13 : [5, 7, 6, 15]
14 : [13, 6, 9, 13]
15 : [4, 8]
16 : [3, 4]
17 : [8, 7]
18 : [7, 8]
19 : [5, 3]
20 : [7, 4]
21 : [3, 8]
22 : [7, 4]
23 : [3, 3]
24 : [6, 3]
25 : [6, 5]
26 : [6, 6]
27 : [6, 5]
28 : [8, 7]
29 : [6, 3]
30 : [4, 4]
31 : [6, 4]
32 : [4, 5]
33 : [5, 3]
Task Nodes: [1, 2, 3, 4, 5, 6, 7, 8, 9, 10, 11, 12, 13, 14]
Message Nodes: [15, 16, 17, 18, 19, 20, 21, 22, 23, 24, 25, 26, 27, 28, 29, 30, 31, 32, 33]
