Number of Processor = 2 
Number of Bus = 1 
Number of Graph = 1 

Graph 4 
Period = 70
Number of Nodes = 25
Adjacent List:
1 : [11, 12, 13, 14, 15]
2 : [16, 17]
3 : [18]
4 : [19, 20]
5 : [21]
6 : [22]
7 : [23]
8 : [24]
9 : [25]
10 : []
11 : [2]
12 : [3]
13 : [4]
14 : [5]
15 : [6]
16 : [8]
17 : [9]
18 : [7]
19 : [8]
20 : [9]
21 : [9]
22 : [8]
23 : [10]
24 : [10]
25 : [10]
Execution Time:
1 : [13, 15, 9, 12]
2 : [7, 7, 10, 15]
3 : [13, 10, 12, 5]
4 : [5, 13, 5, 14]
5 : [10, 10, 7, 12]
6 : [12, 8, 11, 11]
7 : [6, 15, 11, 8]
8 : [5, 12, 5, 6]
9 : [12, 9, 9, 12]
10 : [5, 9, 8, 9]
11 : [12, 21]
12 : [19, 21]
13 : [23, 21]
14 : [12, 25]
15 : [14, 10]
16 : [23, 12]
17 : [25, 23]
18 : [19, 31]
19 : [31, 12]
20 : [10, 31]
21 : [17, 23]
22 : [25, 14]
23 : [12, 31]
24 : [17, 14]
25 : [19, 14]
Task Nodes: [1, 2, 3, 4, 5, 6, 7, 8, 9, 10]
Message Nodes: [11, 12, 13, 14, 15, 16, 17, 18, 19, 20, 21, 22, 23, 24, 25]
