Number of Processor = 4 
Number of Bus = 2 
Number of Graph = 1 

Graph 0 case study
Period = 150 
Number of Nodes = 49 
Adjacent List:
1 : [21, 22]
2 : [23, 24]
3 : [25, 26]
4 : [27, 28]
5 : [29]
6 : [30]
7 : [31]
8 : [32]
9 : [33, 34]
10 : [35]
11 : [36, 37, 38]
12 : [39]
13 : [40]
14 : [41, 42]
15 : [43]
16 : [44]
17 : [46]
18 : [47]
19 : [48]
20 : [49]
21 : [5]
22 : [7]
23 : [5]
24 : [7]
25 : [5]
26 : [7]
27 : [5]
28 : [7]
29 : [9]
30 : [9]
31 : [14]
32 : [13]
33 : [13]
34 : [14]
35 : [14]
36 : [14]
37 : [15]
38 : [16]
39 : [16]
40 : [17]
41 : [17]
42 : [18]
43 : [19]
44 : [20]
45 : []
46 : [45]
47 : [45]
48 : [45]
49 : [45]
Execution Time:
1 : [29, 25, 32, 30]
2 : [29, 27, 21, 35]
3 : [26, 29, 27, 34]
4 : [29, 35, 27, 26]
5 : [21, 23, 20, 17]
6 : [43, 45, 37, 40]
7 : [36, 43, 45, 40]
8 : [21, 25, 24, 29]
9 : [37, 43, 45, 40]
10 : [25, 28, 26, 20]
11 : [21, 25, 19, 18]
12 : [20, 30, 25, 26]
13 : [36, 30, 40, 32]
14 : [29, 27, 31, 28]
15 : [43, 40, 45, 42]
16 : [36, 40, 30, 34]
17 : [21, 18, 23, 20]
18 : [21, 17, 24, 18]
19 : [21, 25, 20, 19]
20 : [21, 22, 24, 25]
45 : [0, 0, 0, 0]
21 : [1, 2]
22 : [1, 2]
23 : [1, 1]
24 : [1, 1]
25 : [2, 1]
26 : [2, 1]
27 : [2, 1]
28 : [2, 1]
29 : [3, 2]
30 : [1, 2]
31 : [1, 3]
32 : [2, 3]
33 : [1, 2]
34 : [1, 2]
35 : [1, 2]
36 : [1, 3]
37 : [1, 3]
38 : [1, 3]
39 : [3, 1]
40 : [3, 2]
41 : [3, 2]
42 : [3, 2]
43 : [2, 1]
44 : [1, 1]
46 : [0, 0]
47 : [0, 0]
48 : [0, 0]
49 : [0, 0]
Task Nodes: [1, 2, 3, 4, 5, 6, 7, 8, 9, 10, 11, 12, 13, 14, 15, 16, 17, 18, 19, 20, 45]
Message Nodes: [21, 22, 23, 24, 25, 26, 27, 28, 29, 30, 31, 32, 33, 34, 35, 36, 37, 38, 39, 40, 41, 42, 43, 44, 46, 47, 48, 49]
